<?xml version="1.0" encoding="UTF-8" standalone="no" ?>
<SimscapeMultibodyImportXML version="2.0" xmlns="urn:mathworks:SimscapeMultibody:import" xmlns:xsi="http://www.w3.org/2001/XMLSchema-instance">
<Created by="" on="12/16/24||16:04:26" using="Simscape Multibody Link Version 7.4" from="SolidWorks 32.5.0"/>
<ModelUnits mass="kilogram" length="millimeter"/>
<DataUnits mass="kilogram" length="meter"/>
<RootAssembly name="Assem1" uid="Assem1" version="251">
<AssemblyFile name="Assem1.SLDASM" type="SolidWorks Assembly"/>
<InstanceTree>
<Instance name="Fix_shoulder_AllCATPart-1" uid="Fix_shoulder_AllCATPart-1" grounded="true" entityUid="Fix_shoulder_AllCATPart*:*Default">
<Transform>
<Rotation>1 0 0 0 1 0 0 0 1</Rotation>
<Translation>-0.34096126541142679 0.11539023277064286 0.030537277543807848</Translation>
</Transform>
</Instance>
<Instance name="VERIN_EPAULE_TIGE_GROUPE2.3_AllCATPart-1" uid="VERIN_EPAULE_TIGE_GROUPE2.3_AllCATPart-1" entityUid="VERIN_EPAULE_TIGE_GROUPE2.3_AllCATPart*:*Default">
<Transform>
<Rotation>-0.89879406393269601 -0.43837111063498319 -2.1257995364010185e-13 0.43216774748849446 -0.88607528334432395 0.16763540878047425 -0.073486520329034299 0.15066971031672935 0.98584906031451036</Rotation>
<Translation>0.10538825832649205 0.011028432931923491 0.13827984842489563</Translation>
</Transform>
</Instance>
<Instance name="EPAULE-CYLINDRE-GROUPE2_AllCATPart-1" uid="EPAULE-CYLINDRE-GROUPE2_AllCATPart-1" entityUid="EPAULE-CYLINDRE-GROUPE2_AllCATPart*:*Default">
<Transform>
<Rotation>0.89879406393269601 -2.307501632479608e-13 -0.43837111063498324 -0.43216774748848946 0.16763540878050523 -0.88607528334432062 0.073486520329063956 0.98584906031450514 0.15066971031674933</Rotation>
<Translation>0.0045638064830615145 0.060778875682142887 0.13751068734322588</Translation>
</Transform>
</Instance>
<Instance name="Groupe_Croission_AllCATPart-1" uid="Groupe_Croission_AllCATPart-1" entityUid="Groupe_Croission_AllCATPart*:*Default">
<Transform>
<Rotation>0.99885938361933169 0.047748625286305274 2.3213722482332867e-05 -0.047092100252111913 0.9850448796124962 0.16573750101605797 0.0078908712734364235 -0.16554955129045434 0.98616990433599994</Rotation>
<Translation>0.15773200933154136 0.28132989832896493 -0.36066963890723586</Translation>
</Transform>
</Instance>
<Instance name="Croission_AllCATPart.stp-1" uid="Croission_AllCATPart.stp-1" entityUid="Croission_AllCATPart.stp*:*Default">
<Transform>
<Rotation>-0.012059230969635321 -0.86594668716068524 -0.4999909098612248 0.98577737413294619 -0.094117902142210774 0.13922926827324278 -0.16762321914333456 -0.49120072830950029 0.85476564092869456</Rotation>
<Translation>-0.014144863897683919 0.11537512230492654 0.11950081093733225</Translation>
</Transform>
</Instance>
<Instance name="VERIN-TIGE-EPAULE1_2-1" uid="VERIN-TIGE-EPAULE1_2-1" entityUid="VERIN-TIGE-EPAULE1_2*:*Default">
<Transform>
<Rotation>-0.86602540378395143 -0.49994499923156194 0.0074160463993486747 -0.083817704390286477 0.15978275768466085 0.98358734374605872 -0.49292453015810267 0.85119003053961961 -0.18028016939856475</Rotation>
<Translation>0.11222218541385075 0.13314028142907167 0.22503727793683301</Translation>
</Transform>
</Instance>
<Instance name="Black_Exterieur_Groupe_AllCATPart-1" uid="Black_Exterieur_Groupe_AllCATPart-1" entityUid="Black_Exterieur_Groupe_AllCATPart*:*Default">
<Transform>
<Rotation>0.95768771744079184 0.010661717505922902 -0.28761182806496333 0.056051602084564639 0.97326995268439698 0.2227191440030821 0.28229851888878155 -0.2294164923921902 0.93149107309284751</Rotation>
<Translation>0.28078483367490298 -0.23196869718040292 -0.057996351682126961</Translation>
</Transform>
</Instance>
<Instance name="Externale_Black.stp-1" uid="Externale_Black.stp-1" entityUid="Externale_Black.stp*:*Default">
<Transform>
<Rotation>-0.93426173310504967 0.012059230969666407 -0.3563840470671627 -0.070854784405243315 -0.98577737413294475 0.15238952777157258 -0.34947762958798378 0.16762321914334133 0.92182853222363836</Rotation>
<Translation>0.020852584970286275 0.11579475911239437 0.11945085455287417</Translation>
</Transform>
</Instance>
<Instance name="EPAULE-CYLINDRE-GROUPE1_AllCATPart.stp-1" uid="EPAULE-CYLINDRE-GROUPE1_AllCATPart.stp-1" entityUid="EPAULE-CYLINDRE-GROUPE1_AllCATPart.stp*:*Default">
<Transform>
<Rotation>0.86602540378395043 -0.48369390434043041 -0.12664993843171046 0.083817704390286199 0.39015744363102756 -0.91692516685389547 0.49292453015810461 0.78346498076379401 0.3784283703492643</Rotation>
<Translation>0.0055406441618042479 0.12612814648170353 0.1723435181651084</Translation>
</Transform>
</Instance>
</InstanceTree>
<Constraints>
<Concentric name="Concentric1">
<ConstraintGeometry geomType="cylinder">
<InstancePath>
<Uid>Fix_shoulder_AllCATPart-1</Uid>
</InstancePath>
<Position>0.49383408592 -0.123019711773 0.13617260933399999</Position>
<Axis>2.3266111259800942e-13 -0.16763540878048397 -0.98584906031450881</Axis>
</ConstraintGeometry>
<ConstraintGeometry geomType="cylinder">
<InstancePath>
<Uid>VERIN_EPAULE_TIGE_GROUPE2.3_AllCATPart-1</Uid>
</InstancePath>
<Position>-0.052831414989899989 0 0.0093999999999999917</Position>
<Axis>0 0 -1</Axis>
</ConstraintGeometry>
</Concentric>
<Coincident name="Coincident1">
<ConstraintGeometry geomType="plane">
<InstancePath>
<Uid>Fix_shoulder_AllCATPart-1</Uid>
</InstancePath>
<Position>0.48383408592000005 -0.178287726339 0.108647986268</Position>
<Axis>1.9674960903688755e-16 0.16763540878090452 0.98584906031443731</Axis>
</ConstraintGeometry>
<ConstraintGeometry geomType="plane">
<InstancePath>
<Uid>VERIN_EPAULE_TIGE_GROUPE2.3_AllCATPart-1</Uid>
</InstancePath>
<Position>-0.052831414989899989 -0.0079999999999999863 -0.01150000000000001</Position>
<Axis>0 0 -1</Axis>
</ConstraintGeometry>
</Coincident>
<Concentric name="Concentric2">
<ConstraintGeometry geomType="cylinder">
<InstancePath>
<Uid>VERIN_EPAULE_TIGE_GROUPE2.3_AllCATPart-1</Uid>
</InstancePath>
<Position>0.0071685850101000093 0 0</Position>
<Axis>1 0 0</Axis>
</ConstraintGeometry>
<ConstraintGeometry geomType="cylinder">
<InstancePath>
<Uid>EPAULE-CYLINDRE-GROUPE2_AllCATPart-1</Uid>
</InstancePath>
<Position>0.1160030895 -0.0075816590778700066 0</Position>
<Axis>-1.0000000000000002 0 0</Axis>
</ConstraintGeometry>
</Concentric>
<Concentric name="Concentric3">
<ConstraintGeometry geomType="cylinder">
<InstancePath>
<Uid>Fix_shoulder_AllCATPart-1</Uid>
</InstancePath>
<Position>0.36182108592000001 0.0027299160316399951 0.106167924589</Position>
<Axis>2.3173781138200545e-13 -0.1676354087804835 -0.98584906031450903</Axis>
</ConstraintGeometry>
<ConstraintGeometry geomType="cylinder">
<InstancePath>
<Uid>Groupe_Croission_AllCATPart-1</Uid>
</InstancePath>
<Position>-0.125103341674 -0.24967992486699997 0.44504298015699995</Position>
<Axis>0.00011509544634571555 -0.0019215314857688737 -0.99999814723317748</Axis>
</ConstraintGeometry>
</Concentric>
<Coincident name="Coincident3">
<ConstraintGeometry geomType="plane">
<InstancePath>
<Uid>Fix_shoulder_AllCATPart-1</Uid>
</InstancePath>
<Position>0.34982108592 0.0027466795725200055 0.10626650949500001</Position>
<Axis>1.4321548405691824e-15 0.16763540878090452 0.98584906031443731</Axis>
</ConstraintGeometry>
<ConstraintGeometry geomType="plane">
<InstancePath>
<Uid>Groupe_Croission_AllCATPart-1</Uid>
</InstancePath>
<Position>-0.12459725172200001 -0.25812915381499996 0.46355930817199997</Position>
<Axis>0.00011509544634501993 -0.0019215314857703725 -0.99999814723317748</Axis>
</ConstraintGeometry>
</Coincident>
<Concentric name="Concentric4">
<ConstraintGeometry geomType="cylinder">
<InstancePath>
<Uid>EPAULE-CYLINDRE-GROUPE2_AllCATPart-1</Uid>
</InstancePath>
<Position>0.019003089499800001 -0.0088316590779000115 0</Position>
<Axis>0 -1.0000000000000002 0</Axis>
</ConstraintGeometry>
<ConstraintGeometry geomType="cylinder">
<InstancePath>
<Uid>Groupe_Croission_AllCATPart-1</Uid>
</InstancePath>
<Position>-0.12121707451699999 -0.31456159430599989 0.44616810170399995</Position>
<Axis>0.00011509544634572075 -0.0019215314857910226 -0.99999814723317726</Axis>
</ConstraintGeometry>
</Concentric>
<Distance name="LimitDistance2">
<ConstraintGeometry geomType="plane">
<InstancePath>
<Uid>EPAULE-CYLINDRE-GROUPE2_AllCATPart-1</Uid>
</InstancePath>
<Position>0.037003089499799996 0.0074183409221300067 0</Position>
<Axis>1.0000000000000002 0 0</Axis>
</ConstraintGeometry>
<ConstraintGeometry geomType="plane">
<InstancePath>
<Uid>VERIN_EPAULE_TIGE_GROUPE2.3_AllCATPart-1</Uid>
</InstancePath>
<Position>0.057168585010099998 0 0</Position>
<Axis>1 0 0</Axis>
</ConstraintGeometry>
</Distance>
<Concentric name="Concentric6">
<ConstraintGeometry geomType="cylinder">
<InstancePath>
<Uid>Groupe_Croission_AllCATPart-1</Uid>
</InstancePath>
<Position>-0.12505861389700001 -0.25042666015499998 0.44604442203700001</Position>
<Axis>0.059790496186915516 -0.99820909184173934 0.0019249753797564162</Axis>
</ConstraintGeometry>
<ConstraintGeometry geomType="cylinder">
<InstancePath>
<Uid>Externale_Black.stp-1</Uid>
</InstancePath>
<Position>0 0.027899999999999994 0</Position>
<Axis>0 -1.0000000000000002 0</Axis>
</ConstraintGeometry>
</Concentric>
<Distance name="Distance4">
<ConstraintGeometry geomType="plane">
<InstancePath>
<Uid>Externale_Black.stp-1</Uid>
</InstancePath>
<Position>0 0.027999999999999997 -0.016180339887500006</Position>
<Axis>0 1.0000000000000002 0</Axis>
</ConstraintGeometry>
<ConstraintGeometry geomType="plane">
<InstancePath>
<Uid>Groupe_Croission_AllCATPart-1</Uid>
</InstancePath>
<Position>-0.12336953238000002 -0.27862606699999987 0.44609880259000001</Position>
<Axis>-0.059790496186884513 0.99820909184174111 -0.0019249753797494218</Axis>
</ConstraintGeometry>
</Distance>
<Concentric name="Concentric8">
<ConstraintGeometry geomType="cylinder">
<InstancePath>
<Uid>Externale_Black.stp-1</Uid>
</InstancePath>
<Position>0.023000000131400009 -0.013999999999000021 -0.039099999999999996</Position>
<Axis>1.1102230246251565e-16 0 -1</Axis>
</ConstraintGeometry>
<ConstraintGeometry geomType="cylinder">
<InstancePath>
<Uid>Black_Exterieur_Groupe_AllCATPart-1</Uid>
</InstancePath>
<Position>-0.19877668293600009 0.31227253302400015 0.26790975705200015</Position>
<Axis>0.072532118079403296 0.066966185999399852 -0.9951153811390967</Axis>
</ConstraintGeometry>
</Concentric>
<Concentric name="Concentric9">
<ConstraintGeometry geomType="cylinder">
<InstancePath>
<Uid>Externale_Black.stp-1</Uid>
</InstancePath>
<Position>0.023000000131400009 0.011000000000999988 -0.039099999999999996</Position>
<Axis>1.1102230246251565e-16 0 -1</Axis>
</ConstraintGeometry>
<ConstraintGeometry geomType="cylinder">
<InstancePath>
<Uid>Black_Exterieur_Groupe_AllCATPart-1</Uid>
</InstancePath>
<Position>-0.19868632386700003 0.28732867159500003 0.26623774859800003</Position>
<Axis>0.072532118079403296 0.066966185999399852 -0.9951153811390967</Axis>
</ConstraintGeometry>
</Concentric>
<Coincident name="Coincident7">
<ConstraintGeometry geomType="plane">
<InstancePath>
<Uid>Externale_Black.stp-1</Uid>
</InstancePath>
<Position>0.0060000000000000053 -0.060004440307600021 -0.049000000000000002</Position>
<Axis>1.1102230246251565e-16 0 -1</Axis>
</ConstraintGeometry>
<ConstraintGeometry geomType="plane">
<InstancePath>
<Uid>Black_Exterieur_Groupe_AllCATPart-1</Uid>
</InstancePath>
<Position>-0.17579948746800006 0.29976505760500016 0.26884332389900006</Position>
<Axis>-0.07253211807940696 -0.066966185999406319 0.99511538113909581</Axis>
</ConstraintGeometry>
</Coincident>
<Concentric name="Concentric10">
<ConstraintGeometry geomType="cylinder">
<InstancePath>
<Uid>Black_Exterieur_Groupe_AllCATPart-1</Uid>
</InstancePath>
<Position>-0.21279647640400004 0.27274234834900013 0.32608448282900004</Position>
<Axis>-0.0036143627591518346 0.99775445714072664 0.066880338199351685</Axis>
</ConstraintGeometry>
<ConstraintGeometry geomType="cylinder">
<InstancePath>
<Uid>Croission_AllCATPart.stp-1</Uid>
</InstancePath>
<Position>0 0 0</Position>
<Axis>1 0 0</Axis>
</ConstraintGeometry>
</Concentric>
<Concentric name="Concentric11">
<ConstraintGeometry geomType="cylinder">
<InstancePath>
<Uid>Black_Exterieur_Groupe_AllCATPart-1</Uid>
</InstancePath>
<Position>-0.21295189400200004 0.31564579000800008 0.32896033736900004</Position>
<Axis>0.0036143627544332271 -0.99775445714513089 -0.066880338133900652</Axis>
</ConstraintGeometry>
<ConstraintGeometry geomType="cylinder">
<InstancePath>
<Uid>Croission_AllCATPart.stp-1</Uid>
</InstancePath>
<Position>0 0 0</Position>
<Axis>1 0 0</Axis>
</ConstraintGeometry>
</Concentric>
<Coincident name="Coincident8">
<ConstraintGeometry geomType="plane">
<InstancePath>
<Uid>Black_Exterieur_Groupe_AllCATPart-1</Uid>
</InstancePath>
<Position>-0.20683886456300005 0.28077281140800014 0.32622058651300007</Position>
<Axis>-0.0036143627591989982 0.9977544571407243 0.066880338199381606</Axis>
</ConstraintGeometry>
<ConstraintGeometry geomType="plane">
<InstancePath>
<Uid>Croission_AllCATPart.stp-1</Uid>
</InstancePath>
<Position>-0.013499999999999998 0 -0.0080000000000000071</Position>
<Axis>-1 0 0</Axis>
</ConstraintGeometry>
</Coincident>
<Concentric name="Concentric13">
<ConstraintGeometry geomType="cylinder">
<InstancePath>
<Uid>EPAULE-CYLINDRE-GROUPE1_AllCATPart.stp-1</Uid>
</InstancePath>
<Position>0.064003089499800006 -0.0075816590778700066 0</Position>
<Axis>-1.0000000000000002 0 -1.3877787807814457e-16</Axis>
</ConstraintGeometry>
<ConstraintGeometry geomType="cylinder">
<InstancePath>
<Uid>VERIN-TIGE-EPAULE1_2-1</Uid>
</InstancePath>
<Position>0.0080000000000000071 0 0</Position>
<Axis>1 0 0</Axis>
</ConstraintGeometry>
</Concentric>
<Distance name="LimitDistance4">
<ConstraintGeometry geomType="plane">
<InstancePath>
<Uid>EPAULE-CYLINDRE-GROUPE1_AllCATPart.stp-1</Uid>
</InstancePath>
<Position>-0.028996910500200007 -0.02206930163500001 -0.0038869284965100115</Position>
<Axis>1 5.4956039718945249e-15 1.5820678100908481e-15</Axis>
</ConstraintGeometry>
<ConstraintGeometry geomType="plane">
<InstancePath>
<Uid>VERIN-TIGE-EPAULE1_2-1</Uid>
</InstancePath>
<Position>0.08500000000000002 0 0</Position>
<Axis>1 0 0</Axis>
</ConstraintGeometry>
</Distance>
<Concentric name="Concentric14">
<ConstraintGeometry geomType="cone">
<InstancePath>
<Uid>Fix_shoulder_AllCATPart-1</Uid>
</InstancePath>
<Position>0.49596510577221603 0.021890643255309788 0.21885047218284198</Position>
<Axis>0.86602540378395132 0.083817704390286948 0.49292453015810322</Axis>
</ConstraintGeometry>
<ConstraintGeometry geomType="cylinder">
<InstancePath>
<Uid>VERIN-TIGE-EPAULE1_2-1</Uid>
</InstancePath>
<Position>0.0080000000000000071 0 0</Position>
<Axis>1 0 0</Axis>
</ConstraintGeometry>
</Concentric>
<Tangent name="Tangent4">
<ConstraintGeometry geomType="cone">
<InstancePath>
<Uid>Fix_shoulder_AllCATPart-1</Uid>
</InstancePath>
<Position>0.49596510577221603 0.021890643255309788 0.21885047218284198</Position>
<Axis>0.86602540378395132 0.083817704390286948 0.49292453015810322</Axis>
</ConstraintGeometry>
<ConstraintGeometry geomType="sphere">
<InstancePath>
<Uid>VERIN-TIGE-EPAULE1_2-1</Uid>
</InstancePath>
<Position>-0.025000000000000022 0 0</Position>
</ConstraintGeometry>
</Tangent>
<Concentric name="Concentric20">
<ConstraintGeometry geomType="cylinder">
<InstancePath>
<Uid>Croission_AllCATPart.stp-1</Uid>
</InstancePath>
<Position>0 0 0.027499999999999997</Position>
<Axis>0 1.6653345369377348e-16 1</Axis>
</ConstraintGeometry>
<ConstraintGeometry geomType="cylinder">
<InstancePath>
<Uid>EPAULE-CYLINDRE-GROUPE1_AllCATPart.stp-1</Uid>
</InstancePath>
<Position>-0.043996910500200007 -0.013859637519300028 -0.0016843356818200192</Position>
<Axis>2.0122792321330962e-13 -0.96584283714135855 -0.25912856643514054</Axis>
</ConstraintGeometry>
</Concentric>
<Coincident name="Coincident14">
<ConstraintGeometry geomType="plane">
<InstancePath>
<Uid>Croission_AllCATPart.stp-1</Uid>
</InstancePath>
<Position>0 0.010000000000000002 0.04200000000000001</Position>
<Axis>0 -1.6653345369377348e-16 -1</Axis>
</ConstraintGeometry>
<ConstraintGeometry geomType="plane">
<InstancePath>
<Uid>EPAULE-CYLINDRE-GROUPE1_AllCATPart.stp-1</Uid>
</InstancePath>
<Position>-0.038201853477299999 0.0048942620700499484 0.0017374422616999868</Position>
<Axis>2.4602542225693469e-13 0.96584283714136976 0.25912856643509913</Axis>
</ConstraintGeometry>
</Coincident>
</Constraints>
</RootAssembly>
<Assemblies>
</Assemblies>
<Parts>
<Part name="Black_Exterieur_Groupe_AllCATPart" uid="Black_Exterieur_Groupe_AllCATPart*:*Default" version="114">
<ModelUnits mass="kilogram" length="millimeter"/>
<PartFile name="Black_Exterieur_Groupe_AllCATPart.SLDPRT" type="SolidWorks Part"/>
<MassProperties>
<Mass>0.21146006340495405</Mass>
<CenterOfMass>-0.17707821744959626 0.30140727792880601 0.23902446923557824</CenterOfMass>
<Inertia>0.00043244701866526375 0.00035553658922192298 0.00016796604245624885 1.4721610852017937e-05 6.4831512991795395e-05 -4.6063429618268911e-06</Inertia>
</MassProperties>
<GeometryFile name="Black_Exterieur_Groupe_AllCATPart_Default_sldprt.STEP" type="STEP"/>
<VisualProperties>
<Ambient r="0.792156862745098" g="0.81960784313725488" b="0.93333333333333335" a="1"/>
<Diffuse r="0.792156862745098" g="0.81960784313725488" b="0.93333333333333335" a="1"/>
<Specular r="0.396078431372549" g="0.40980392156862744" b="0.46666666666666667" a="1"/>
<Emissive r="0" g="0" b="0" a="1"/>
<Shininess>0.3125</Shininess>
</VisualProperties>
</Part>
<Part name="Croission_AllCATPart.stp" uid="Croission_AllCATPart.stp*:*Default" version="114">
<ModelUnits mass="kilogram" length="millimeter"/>
<PartFile name="Croission_AllCATPart.stp.SLDPRT" type="SolidWorks Part"/>
<MassProperties>
<Mass>0.018466943551032781</Mass>
<CenterOfMass>-2.1713002101833965e-07 1.4362793352337434e-08 0.012567351679160383</CenterOfMass>
<Inertia>5.461929454767082e-06 7.6426309850543765e-06 2.7626560250359429e-06 4.1586466708657925e-12 -5.5588765747823383e-11 -4.0426106054872951e-12</Inertia>
</MassProperties>
<GeometryFile name="Croission_AllCATPart.stp_Default_sldprt.STEP" type="STEP"/>
<VisualProperties>
<Ambient r="0.792156862745098" g="0.81960784313725488" b="0.93333333333333335" a="1"/>
<Diffuse r="0.792156862745098" g="0.81960784313725488" b="0.93333333333333335" a="1"/>
<Specular r="0.396078431372549" g="0.40980392156862744" b="0.46666666666666667" a="1"/>
<Emissive r="0" g="0" b="0" a="1"/>
<Shininess>0.3125</Shininess>
</VisualProperties>
</Part>
<Part name="EPAULE-CYLINDRE-GROUPE1_AllCATPart.stp" uid="EPAULE-CYLINDRE-GROUPE1_AllCATPart.stp*:*Default" version="114">
<ModelUnits mass="kilogram" length="millimeter"/>
<PartFile name="EPAULE-CYLINDRE-GROUPE1_AllCATPart.stp.SLDPRT" type="SolidWorks Part"/>
<MassProperties>
<Mass>0.083480508565541345</Mass>
<CenterOfMass>0.014039746892602248 -0.0075665615753789141 4.8110855568965641e-06</CenterOfMass>
<Inertia>2.3237294440320969e-05 0.00013827388051537514 0.00013733971061018533 2.6898286804454503e-07 6.7434886009256861e-09 3.0504667206500813e-08</Inertia>
</MassProperties>
<GeometryFile name="EPAULE-CYLINDRE-GROUPE1_AllCATPart.stp_Default_sldprt.STEP" type="STEP"/>
<VisualProperties>
<Ambient r="0.792156862745098" g="0.81960784313725488" b="0.93333333333333335" a="1"/>
<Diffuse r="0.792156862745098" g="0.81960784313725488" b="0.93333333333333335" a="1"/>
<Specular r="0.396078431372549" g="0.40980392156862744" b="0.46666666666666667" a="1"/>
<Emissive r="0" g="0" b="0" a="1"/>
<Shininess>0.3125</Shininess>
</VisualProperties>
</Part>
<Part name="EPAULE-CYLINDRE-GROUPE2_AllCATPart" uid="EPAULE-CYLINDRE-GROUPE2_AllCATPart*:*Default" version="114">
<ModelUnits mass="kilogram" length="millimeter"/>
<PartFile name="EPAULE-CYLINDRE-GROUPE2_AllCATPart.SLDPRT" type="SolidWorks Part"/>
<MassProperties>
<Mass>0.07034536705258955</Mass>
<CenterOfMass>0.076661538206025295 -0.0076343608881555359 -2.8878828635463273e-08</CenterOfMass>
<Inertia>1.9710133623269296e-05 8.354257504143711e-05 8.3817508101135954e-05 -3.808087301477212e-11 -1.3042818768262822e-10 -2.1398005793054363e-07</Inertia>
</MassProperties>
<GeometryFile name="EPAULE-CYLINDRE-GROUPE2_AllCATPart_Default_sldprt.STEP" type="STEP"/>
<VisualProperties>
<Ambient r="0.792156862745098" g="0.81960784313725488" b="0.93333333333333335" a="1"/>
<Diffuse r="0.792156862745098" g="0.81960784313725488" b="0.93333333333333335" a="1"/>
<Specular r="0.396078431372549" g="0.40980392156862744" b="0.46666666666666667" a="1"/>
<Emissive r="0" g="0" b="0" a="1"/>
<Shininess>0.3125</Shininess>
</VisualProperties>
</Part>
<Part name="Externale_Black.stp" uid="Externale_Black.stp*:*Default" version="114">
<ModelUnits mass="kilogram" length="millimeter"/>
<PartFile name="Externale_Black.stp.SLDPRT" type="SolidWorks Part"/>
<MassProperties>
<Mass>0.029062204010695352</Mass>
<CenterOfMass>0.0029750013288067445 -0.0026505997869399976 -0.03307526247026725</CenterOfMass>
<Inertia>1.5696156196773828e-05 1.0888908318661205e-05 1.1137710061212915e-05 7.1040848949978786e-07 7.3433872302622316e-07 -5.9880588930076432e-07</Inertia>
</MassProperties>
<GeometryFile name="Externale_Black.stp_Default_sldprt.STEP" type="STEP"/>
<VisualProperties>
<Ambient r="0.792156862745098" g="0.81960784313725488" b="0.93333333333333335" a="1"/>
<Diffuse r="0.792156862745098" g="0.81960784313725488" b="0.93333333333333335" a="1"/>
<Specular r="0.396078431372549" g="0.40980392156862744" b="0.46666666666666667" a="1"/>
<Emissive r="0" g="0" b="0" a="1"/>
<Shininess>0.3125</Shininess>
</VisualProperties>
</Part>
<Part name="Fix_shoulder_AllCATPart" uid="Fix_shoulder_AllCATPart*:*Default" version="114">
<ModelUnits mass="kilogram" length="millimeter"/>
<PartFile name="Fix_shoulder_AllCATPart.SLDPRT" type="SolidWorks Part"/>
<MassProperties>
<Mass>1.0580612539133565</Mass>
<CenterOfMass>0.50044343926294266 -0.0011658471943099789 0.075827668750788432</CenterOfMass>
<Inertia>0.0053870503030040975 0.0041486381928570668 0.0035900315614857308 4.89047861481483e-05 0.00079564645302915196 -8.3820038059490313e-05</Inertia>
</MassProperties>
<GeometryFile name="Fix_shoulder_AllCATPart_Default_sldprt.STEP" type="STEP"/>
<VisualProperties>
<Ambient r="0.792156862745098" g="0.81960784313725488" b="0.93333333333333335" a="1"/>
<Diffuse r="0.792156862745098" g="0.81960784313725488" b="0.93333333333333335" a="1"/>
<Specular r="0.396078431372549" g="0.40980392156862744" b="0.46666666666666667" a="1"/>
<Emissive r="0" g="0" b="0" a="1"/>
<Shininess>0.3125</Shininess>
</VisualProperties>
</Part>
<Part name="Groupe_Croission_AllCATPart" uid="Groupe_Croission_AllCATPart*:*Default" version="114">
<ModelUnits mass="kilogram" length="millimeter"/>
<PartFile name="Groupe_Croission_AllCATPart.SLDPRT" type="SolidWorks Part"/>
<MassProperties>
<Mass>0.01804130767255175</Mass>
<CenterOfMass>-0.12439521467836562 -0.26150333449237839 0.4469605435193319</CenterOfMass>
<Inertia>1.3826660730118848e-05 1.7261077310373104e-06 1.2795934871468037e-05 -1.6959299777727911e-07 1.015656478644262e-08 7.2732569218988449e-07</Inertia>
</MassProperties>
<GeometryFile name="Groupe_Croission_AllCATPart_Default_sldprt.STEP" type="STEP"/>
<VisualProperties>
<Ambient r="0.792156862745098" g="0.81960784313725488" b="0.93333333333333335" a="1"/>
<Diffuse r="0.792156862745098" g="0.81960784313725488" b="0.93333333333333335" a="1"/>
<Specular r="0.396078431372549" g="0.40980392156862744" b="0.46666666666666667" a="1"/>
<Emissive r="0" g="0" b="0" a="1"/>
<Shininess>0.3125</Shininess>
</VisualProperties>
</Part>
<Part name="VERIN-TIGE-EPAULE1_2" uid="VERIN-TIGE-EPAULE1_2*:*Default" version="114">
<ModelUnits mass="kilogram" length="millimeter"/>
<PartFile name="VERIN-TIGE-EPAULE1_2.SLDPRT" type="SolidWorks Part"/>
<MassProperties>
<Mass>0.022013121396110891</Mass>
<CenterOfMass>-0.0074048498781049401 -5.4782623811812425e-05 -2.3502939880344115e-05</CenterOfMass>
<Inertia>8.8638344469729634e-07 3.5653950794049022e-05 3.5646869985682572e-05 5.3753986855794906e-09 -7.9633936767856784e-08 -5.4566149221971844e-08</Inertia>
</MassProperties>
<GeometryFile name="VERIN-TIGE-EPAULE1_2_Default_sldprt.STEP" type="STEP"/>
<VisualProperties>
<Ambient r="0.792156862745098" g="0.81960784313725488" b="0.93333333333333335" a="1"/>
<Diffuse r="0.792156862745098" g="0.81960784313725488" b="0.93333333333333335" a="1"/>
<Specular r="0.396078431372549" g="0.40980392156862744" b="0.46666666666666667" a="1"/>
<Emissive r="0" g="0" b="0" a="1"/>
<Shininess>0.3125</Shininess>
</VisualProperties>
</Part>
<Part name="VERIN_EPAULE_TIGE_GROUPE2.3_AllCATPart" uid="VERIN_EPAULE_TIGE_GROUPE2.3_AllCATPart*:*Default" version="114">
<ModelUnits mass="kilogram" length="millimeter"/>
<PartFile name="VERIN_EPAULE_TIGE_GROUPE2.3_AllCATPart.SLDPRT" type="SolidWorks Part"/>
<MassProperties>
<Mass>0.021114190716927186</Mass>
<CenterOfMass>-0.027685216847331148 -0.0031861043179919192 -9.0595196478335835e-05</CenterOfMass>
<Inertia>1.7812398806607622e-06 2.5598736827309908e-05 2.632362451468848e-05 -1.2695465594134396e-08 -4.9277202553285796e-08 -1.7017868441839348e-06</Inertia>
</MassProperties>
<GeometryFile name="VERIN_EPAULE_TIGE_GROUPE2.3_AllCATPart_Default_sldprt.STEP" type="STEP"/>
<VisualProperties>
<Ambient r="0.792156862745098" g="0.81960784313725488" b="0.93333333333333335" a="1"/>
<Diffuse r="0.792156862745098" g="0.81960784313725488" b="0.93333333333333335" a="1"/>
<Specular r="0.396078431372549" g="0.40980392156862744" b="0.46666666666666667" a="1"/>
<Emissive r="0" g="0" b="0" a="1"/>
<Shininess>0.3125</Shininess>
</VisualProperties>
</Part>
</Parts>
</SimscapeMultibodyImportXML>
